{
	"class_name" : "PinholeCameraTrajectory",
	"parameters" : 
	[
		{
			"class_name" : "PinholeCameraParameters",
			"extrinsic" : 
			[
				0.99916797876358032,
				-0.018950134515762329,
				0.036113541573286057,
				0.0,
				0.019660066813230515,
				0.99961835145950317,
				-0.019405510276556015,
				0.0,
				-0.03573201596736908,
				0.02009936235845089,
				0.99915927648544312,
				0.0,
				0.21818521618843079,
				-0.092431716620922089,
				0.097806289792060852,
				1.0
			],
			"intrinsic" : 
			{
				"height" : 600,
				"intrinsic_matrix" : 
				[
					108.05451202392578,
					0.0,
					0.0,
					0.0,
					100.82048797607422,
					0.0,
					400.0,
					300.0,
					1.0
				],
				"width" : 800
			},
			"version_major" : 1,
			"version_minor" : 0
		},
		{
			"class_name" : "PinholeCameraParameters",
			"extrinsic" : 
			[
				0.99921333789825439,
				-0.019703425467014313,
				0.034415885806083679,
				0.0,
				0.020229559391736984,
				0.9996827244758606,
				-0.015006839297711849,
				0.0,
				-0.03410927951335907,
				0.015691250562667847,
				0.9992949366569519,
				0.0,
				0.17275674641132355,
				-0.093030966818332672,
				0.098614774644374847,
				1.0
			],
			"intrinsic" : 
			{
				"height" : 600,
				"intrinsic_matrix" : 
				[
					108.05451202392578,
					0.0,
					0.0,
					0.0,
					100.82048797607422,
					0.0,
					400.0,
					300.0,
					1.0
				],
				"width" : 800
			},
			"version_major" : 1,
			"version_minor" : 0
		},
		{
			"class_name" : "PinholeCameraParameters",
			"extrinsic" : 
			[
				0.99941354990005493,
				-0.019291842356324196,
				0.028290096670389175,
				0.0,
				0.01978711411356926,
				0.99965393543243408,
				-0.017332477495074272,
				0.0,
				-0.027945928275585175,
				0.017882097512483597,
				0.99944943189620972,
				0.0,
				0.13777638971805573,
				-0.092748880386352539,
				0.08392450213432312,
				1.0
			],
			"intrinsic" : 
			{
				"height" : 600,
				"intrinsic_matrix" : 
				[
					108.05451202392578,
					0.0,
					0.0,
					0.0,
					100.82048797607422,
					0.0,
					400.0,
					300.0,
					1.0
				],
				"width" : 800
			},
			"version_major" : 1,
			"version_minor" : 0
		},
		{
			"class_name" : "PinholeCameraParameters",
			"extrinsic" : 
			[
				0.99973547458648682,
				-0.018268091604113579,
				0.013971460051834583,
				0.0,
				0.018511094152927399,
				0.99967610836029053,
				-0.017465204000473022,
				0.0,
				-0.013647869229316711,
				0.017719220370054245,
				0.99974983930587769,
				0.0,
				0.071616321802139282,
				-0.090587116777896881,
				0.075810618698596954,
				1.0
			],
			"intrinsic" : 
			{
				"height" : 600,
				"intrinsic_matrix" : 
				[
					108.05451202392578,
					0.0,
					0.0,
					0.0,
					100.82048797607422,
					0.0,
					400.0,
					300.0,
					1.0
				],
				"width" : 800
			},
			"version_major" : 1,
			"version_minor" : 0
		},
		{
			"class_name" : "PinholeCameraParameters",
			"extrinsic" : 
			[
				0.99976480007171631,
				-0.019717765972018242,
				0.009030953049659729,
				0.0,
				0.019871089607477188,
				0.99965429306030273,
				-0.017213325947523117,
				0.0,
				-0.0086883995682001114,
				0.017388744279742241,
				0.99981105327606201,
				0.0,
				0.045321114361286163,
				-0.092475324869155884,
				0.074658572673797607,
				1.0
			],
			"intrinsic" : 
			{
				"height" : 600,
				"intrinsic_matrix" : 
				[
					108.05451202392578,
					0.0,
					0.0,
					0.0,
					100.82048797607422,
					0.0,
					400.0,
					300.0,
					1.0
				],
				"width" : 800
			},
			"version_major" : 1,
			"version_minor" : 0
		},
		{
			"class_name" : "PinholeCameraParameters",
			"extrinsic" : 
			[
				0.9997183084487915,
				-0.020017761737108231,
				-0.012751273810863495,
				0.0,
				0.019726533442735672,
				0.99955064058303833,
				-0.022568892687559128,
				0.0,
				0.013197334483265877,
				0.022310990840196609,
				0.99966400861740112,
				0.0,
				-0.015314853750169277,
				-0.090147934854030609,
				0.052743401378393173,
				1.0
			],
			"intrinsic" : 
			{
				"height" : 600,
				"intrinsic_matrix" : 
				[
					108.05451202392578,
					0.0,
					0.0,
					0.0,
					100.82048797607422,
					0.0,
					400.0,
					300.0,
					1.0
				],
				"width" : 800
			},
			"version_major" : 1,
			"version_minor" : 0
		},
		{
			"class_name" : "PinholeCameraParameters",
			"extrinsic" : 
			[
				0.99928224086761475,
				-0.011182737536728382,
				-0.036193624138832092,
				0.0,
				0.010287915356457233,
				0.99963909387588501,
				-0.024815892800688744,
				0.0,
				0.03645806759595871,
				0.024425726383924484,
				0.99903666973114014,
				0.0,
				-0.068277321755886078,
				-0.086978338658809662,
				0.0606105737388134,
				1.0
			],
			"intrinsic" : 
			{
				"height" : 600,
				"intrinsic_matrix" : 
				[
					108.05451202392578,
					0.0,
					0.0,
					0.0,
					100.82048797607422,
					0.0,
					400.0,
					300.0,
					1.0
				],
				"width" : 800
			},
			"version_major" : 1,
			"version_minor" : 0
		},
		{
			"class_name" : "PinholeCameraParameters",
			"extrinsic" : 
			[
				0.99891501665115356,
				-0.0079597039148211479,
				-0.04588586837053299,
				0.0,
				0.0066323596984148026,
				0.99955719709396362,
				-0.029007308185100555,
				0.0,
				0.046096432954072952,
				0.0286715067923069,
				0.99852544069290161,
				0.0,
				-0.10265824198722839,
				-0.095986150205135345,
				0.064352512359619141,
				1.0
			],
			"intrinsic" : 
			{
				"height" : 600,
				"intrinsic_matrix" : 
				[
					108.05451202392578,
					0.0,
					0.0,
					0.0,
					100.82048797607422,
					0.0,
					400.0,
					300.0,
					1.0
				],
				"width" : 800
			},
			"version_major" : 1,
			"version_minor" : 0
		},
		{
			"class_name" : "PinholeCameraParameters",
			"extrinsic" : 
			[
				0.99769794940948486,
				-0.023388907313346863,
				-0.063653074204921722,
				0.0,
				0.022598622366786003,
				0.99965870380401611,
				-0.013107282109558582,
				0.0,
				0.063937917351722717,
				0.011638623662292957,
				0.99788600206375122,
				0.0,
				-0.14054739475250244,
				-0.058261580765247345,
				0.093866877257823944,
				1.0
			],
			"intrinsic" : 
			{
				"height" : 600,
				"intrinsic_matrix" : 
				[
					108.05451202392578,
					0.0,
					0.0,
					0.0,
					100.82048797607422,
					0.0,
					400.0,
					300.0,
					1.0
				],
				"width" : 800
			},
			"version_major" : 1,
			"version_minor" : 0
		},
		{
			"class_name" : "PinholeCameraParameters",
			"extrinsic" : 
			[
				0.99817943572998047,
				-0.014457503333687782,
				-0.058556124567985535,
				0.0,
				0.014169268310070038,
				0.99988538026809692,
				-0.0053346124477684498,
				0.0,
				0.058626536279916763,
				0.0044952020980417728,
				0.99826985597610474,
				0.0,
				-0.12421972304582596,
				-0.052900277078151703,
				0.088682353496551514,
				1.0
			],
			"intrinsic" : 
			{
				"height" : 600,
				"intrinsic_matrix" : 
				[
					108.05451202392578,
					0.0,
					0.0,
					0.0,
					100.82048797607422,
					0.0,
					400.0,
					300.0,
					1.0
				],
				"width" : 800
			},
			"version_major" : 1,
			"version_minor" : 0
		},
		{
			"class_name" : "PinholeCameraParameters",
			"extrinsic" : 
			[
				0.99934661388397217,
				-0.0090939821675419807,
				-0.034980595111846924,
				0.0,
				0.0087218321859836578,
				0.99990391731262207,
				-0.010777070187032223,
				0.0,
				0.035075239837169647,
				0.010464945808053017,
				0.99932992458343506,
				0.0,
				-0.076287999749183655,
				-0.051917195320129395,
				0.077721193432807922,
				1.0
			],
			"intrinsic" : 
			{
				"height" : 600,
				"intrinsic_matrix" : 
				[
					108.05451202392578,
					0.0,
					0.0,
					0.0,
					100.82048797607422,
					0.0,
					400.0,
					300.0,
					1.0
				],
				"width" : 800
			},
			"version_major" : 1,
			"version_minor" : 0
		},
		{
			"class_name" : "PinholeCameraParameters",
			"extrinsic" : 
			[
				0.99982589483261108,
				-0.0045785252004861832,
				-0.018091471865773201,
				0.0,
				0.0044343052431941032,
				0.9999580979347229,
				-0.0080043533816933632,
				0.0,
				0.018127359449863434,
				0.0079227425158023834,
				0.99980431795120239,
				0.0,
				-0.042034793645143509,
				-0.043826773762702942,
				0.063920788466930389,
				1.0
			],
			"intrinsic" : 
			{
				"height" : 600,
				"intrinsic_matrix" : 
				[
					108.05451202392578,
					0.0,
					0.0,
					0.0,
					100.82048797607422,
					0.0,
					400.0,
					300.0,
					1.0
				],
				"width" : 800
			},
			"version_major" : 1,
			"version_minor" : 0
		},
		{
			"class_name" : "PinholeCameraParameters",
			"extrinsic" : 
			[
				0.99994361400604248,
				-0.0097425626590847969,
				0.0042255474254488945,
				0.0,
				0.0097979363054037094,
				0.99986374378204346,
				-0.013285894878208637,
				0.0,
				-0.0040955119766294956,
				0.013326552696526051,
				0.99990278482437134,
				0.0,
				0.00089034112170338631,
				-0.036161046475172043,
				0.044855155050754547,
				1.0
			],
			"intrinsic" : 
			{
				"height" : 600,
				"intrinsic_matrix" : 
				[
					108.05451202392578,
					0.0,
					0.0,
					0.0,
					100.82048797607422,
					0.0,
					400.0,
					300.0,
					1.0
				],
				"width" : 800
			},
			"version_major" : 1,
			"version_minor" : 0
		},
		{
			"class_name" : "PinholeCameraParameters",
			"extrinsic" : 
			[
				0.99978005886077881,
				-0.0088044330477714539,
				0.019034281373023987,
				0.0,
				0.0090851616114377975,
				0.99985045194625854,
				-0.014712718315422535,
				0.0,
				-0.018901897594332695,
				0.014882412739098072,
				0.9997105598449707,
				0.0,
				0.039118014276027679,
				-0.036421339958906174,
				0.049491260200738907,
				1.0
			],
			"intrinsic" : 
			{
				"height" : 600,
				"intrinsic_matrix" : 
				[
					108.05451202392578,
					0.0,
					0.0,
					0.0,
					100.82048797607422,
					0.0,
					400.0,
					300.0,
					1.0
				],
				"width" : 800
			},
			"version_major" : 1,
			"version_minor" : 0
		},
		{
			"class_name" : "PinholeCameraParameters",
			"extrinsic" : 
			[
				0.99918168783187866,
				-0.0051987790502607822,
				0.040111787617206573,
				0.0,
				0.0054632658138871193,
				0.99996399879455566,
				-0.0064868940971791744,
				0.0,
				-0.040076620876789093,
				0.0067007285542786121,
				0.99917417764663696,
				0.0,
				0.088864035904407501,
				-0.029691228643059731,
				0.058293275535106659,
				1.0
			],
			"intrinsic" : 
			{
				"height" : 600,
				"intrinsic_matrix" : 
				[
					108.05451202392578,
					0.0,
					0.0,
					0.0,
					100.82048797607422,
					0.0,
					400.0,
					300.0,
					1.0
				],
				"width" : 800
			},
			"version_major" : 1,
			"version_minor" : 0
		},
		{
			"class_name" : "PinholeCameraParameters",
			"extrinsic" : 
			[
				0.99835813045501709,
				-9.6769123047124594e-05,
				0.05728105828166008,
				0.0,
				2.684584615053609e-05,
				0.9999992847442627,
				0.0012214643647894263,
				0.0,
				-0.057281132787466049,
				-0.0012179209152236581,
				0.99835735559463501,
				0.0,
				0.13350357115268707,
				-0.015676701441407204,
				0.055033724755048752,
				1.0
			],
			"intrinsic" : 
			{
				"height" : 600,
				"intrinsic_matrix" : 
				[
					108.05451202392578,
					0.0,
					0.0,
					0.0,
					100.82048797607422,
					0.0,
					400.0,
					300.0,
					1.0
				],
				"width" : 800
			},
			"version_major" : 1,
			"version_minor" : 0
		},
		{
			"class_name" : "PinholeCameraParameters",
			"extrinsic" : 
			[
				0.99516493082046509,
				5.022314508096315e-05,
				0.098217874765396118,
				0.0,
				-0.00063605303876101971,
				0.99998223781585693,
				0.0059333178214728832,
				0.0,
				-0.098215825855731964,
				-0.005967102013528347,
				0.99514728784561157,
				0.0,
				0.18386261165142059,
				0.012341997586190701,
				0.053753823041915894,
				1.0
			],
			"intrinsic" : 
			{
				"height" : 600,
				"intrinsic_matrix" : 
				[
					108.05451202392578,
					0.0,
					0.0,
					0.0,
					100.82048797607422,
					0.0,
					400.0,
					300.0,
					1.0
				],
				"width" : 800
			},
			"version_major" : 1,
			"version_minor" : 0
		},
		{
			"class_name" : "PinholeCameraParameters",
			"extrinsic" : 
			[
				0.99613559246063232,
				-0.0014094659127295017,
				0.08781760185956955,
				0.0,
				0.00021093565737828612,
				0.99990671873092651,
				0.013655825518071651,
				0.0,
				-0.087828665971755981,
				-0.013584531843662262,
				0.99604296684265137,
				0.0,
				0.16138735413551331,
				0.02271159365773201,
				0.045540943741798401,
				1.0
			],
			"intrinsic" : 
			{
				"height" : 600,
				"intrinsic_matrix" : 
				[
					108.05451202392578,
					0.0,
					0.0,
					0.0,
					100.82048797607422,
					0.0,
					400.0,
					300.0,
					1.0
				],
				"width" : 800
			},
			"version_major" : 1,
			"version_minor" : 0
		},
		{
			"class_name" : "PinholeCameraParameters",
			"extrinsic" : 
			[
				0.99752289056777954,
				-0.0061926841735839844,
				0.070069998502731323,
				0.0,
				0.0052220500074326992,
				0.99988794326782227,
				0.014027242548763752,
				0.0,
				-0.0701490119099617,
				-0.013626591302454472,
				0.99744343757629395,
				0.0,
				0.11766914278268814,
				0.0230103749781847,
				0.026238394901156425,
				1.0
			],
			"intrinsic" : 
			{
				"height" : 600,
				"intrinsic_matrix" : 
				[
					108.05451202392578,
					0.0,
					0.0,
					0.0,
					100.82048797607422,
					0.0,
					400.0,
					300.0,
					1.0
				],
				"width" : 800
			},
			"version_major" : 1,
			"version_minor" : 0
		},
		{
			"class_name" : "PinholeCameraParameters",
			"extrinsic" : 
			[
				0.99875003099441528,
				-0.010279009118676186,
				0.048915393650531769,
				0.0,
				0.0097948554903268814,
				0.99990075826644897,
				0.010127381421625614,
				0.0,
				-0.049014635384082794,
				-0.0096356123685836792,
				0.99875158071517944,
				0.0,
				0.070546276867389679,
				0.021898124366998672,
				0.018828339874744415,
				1.0
			],
			"intrinsic" : 
			{
				"height" : 600,
				"intrinsic_matrix" : 
				[
					108.05451202392578,
					0.0,
					0.0,
					0.0,
					100.82048797607422,
					0.0,
					400.0,
					300.0,
					1.0
				],
				"width" : 800
			},
			"version_major" : 1,
			"version_minor" : 0
		},
		{
			"class_name" : "PinholeCameraParameters",
			"extrinsic" : 
			[
				0.99949139356613159,
				-0.010025782510638237,
				0.030272409319877625,
				0.0,
				0.0098206605762243271,
				0.999927818775177,
				0.0069169648922979832,
				0.0,
				-0.030339574441313744,
				-0.0066161514259874821,
				0.99951773881912231,
				0.0,
				0.030980097129940987,
				0.017965279519557953,
				0.030817976221442223,
				1.0
			],
			"intrinsic" : 
			{
				"height" : 600,
				"intrinsic_matrix" : 
				[
					108.05451202392578,
					0.0,
					0.0,
					0.0,
					100.82048797607422,
					0.0,
					400.0,
					300.0,
					1.0
				],
				"width" : 800
			},
			"version_major" : 1,
			"version_minor" : 0
		},
		{
			"class_name" : "PinholeCameraParameters",
			"extrinsic" : 
			[
				0.99992156028747559,
				-0.010476316325366497,
				0.0068647558800876141,
				0.0,
				0.010373549535870552,
				0.99983608722686768,
				0.014840220101177692,
				0.0,
				-0.0070190848782658577,
				-0.014767852611839771,
				0.9998663067817688,
				0.0,
				-0.017417604103684425,
				0.021744398400187492,
				0.045444242656230927,
				1.0
			],
			"intrinsic" : 
			{
				"height" : 600,
				"intrinsic_matrix" : 
				[
					108.05451202392578,
					0.0,
					0.0,
					0.0,
					100.82048797607422,
					0.0,
					400.0,
					300.0,
					1.0
				],
				"width" : 800
			},
			"version_major" : 1,
			"version_minor" : 0
		},
		{
			"class_name" : "PinholeCameraParameters",
			"extrinsic" : 
			[
				0.99981445074081421,
				-0.011851546354591846,
				-0.015182956121861935,
				0.0,
				0.012049433775246143,
				0.99984276294708252,
				0.013009220361709595,
				0.0,
				0.015026391483843327,
				-0.013189750723540783,
				0.99980008602142334,
				0.0,
				-0.068852424621582031,
				0.021349705755710602,
				0.034185327589511871,
				1.0
			],
			"intrinsic" : 
			{
				"height" : 600,
				"intrinsic_matrix" : 
				[
					108.05451202392578,
					0.0,
					0.0,
					0.0,
					100.82048797607422,
					0.0,
					400.0,
					300.0,
					1.0
				],
				"width" : 800
			},
			"version_major" : 1,
			"version_minor" : 0
		},
		{
			"class_name" : "PinholeCameraParameters",
			"extrinsic" : 
			[
				0.99876832962036133,
				-0.003003039862960577,
				-0.049525931477546692,
				0.0,
				0.0035634473897516727,
				0.99993062019348145,
				0.011230888776481152,
				0.0,
				0.049488767981529236,
				-0.011393540538847446,
				0.99870967864990234,
				0.0,
				-0.13518160581588745,
				0.024462621659040451,
				0.028157932683825493,
				1.0
			],
			"intrinsic" : 
			{
				"height" : 600,
				"intrinsic_matrix" : 
				[
					108.05451202392578,
					0.0,
					0.0,
					0.0,
					100.82048797607422,
					0.0,
					400.0,
					300.0,
					1.0
				],
				"width" : 800
			},
			"version_major" : 1,
			"version_minor" : 0
		},
		{
			"class_name" : "PinholeCameraParameters",
			"extrinsic" : 
			[
				0.99835193157196045,
				-0.0067193689756095409,
				-0.056993439793586731,
				0.0,
				0.0072171194478869438,
				0.99993759393692017,
				0.0085321925580501556,
				0.0,
				0.056932553648948669,
				-0.0089294575154781342,
				0.99833810329437256,
				0.0,
				-0.1351843923330307,
				0.030317353084683418,
				0.019734077155590057,
				1.0
			],
			"intrinsic" : 
			{
				"height" : 600,
				"intrinsic_matrix" : 
				[
					108.05451202392578,
					0.0,
					0.0,
					0.0,
					100.82048797607422,
					0.0,
					400.0,
					300.0,
					1.0
				],
				"width" : 800
			},
			"version_major" : 1,
			"version_minor" : 0
		},
		{
			"class_name" : "PinholeCameraParameters",
			"extrinsic" : 
			[
				0.99622184038162231,
				0.0015337283257395029,
				-0.086831741034984589,
				0.0,
				0.00089116784511134028,
				0.99961084127426147,
				0.027880959212779999,
				0.0,
				0.086840711534023285,
				-0.027853004634380341,
				0.99583280086517334,
				0.0,
				-0.19732032716274261,
				0.079143516719341278,
				0.028740257024765015,
				1.0
			],
			"intrinsic" : 
			{
				"height" : 600,
				"intrinsic_matrix" : 
				[
					108.05451202392578,
					0.0,
					0.0,
					0.0,
					100.82048797607422,
					0.0,
					400.0,
					300.0,
					1.0
				],
				"width" : 800
			},
			"version_major" : 1,
			"version_minor" : 0
		},
		{
			"class_name" : "PinholeCameraParameters",
			"extrinsic" : 
			[
				0.99726307392120361,
				0.0052224057726562023,
				-0.073750145733356476,
				0.0,
				-0.0030729272402822971,
				0.99956798553466797,
				0.029228942468762398,
				0.0,
				0.073870934545993805,
				-0.028922319412231445,
				0.99684828519821167,
				0.0,
				-0.16640320420265198,
				0.0829058438539505,
				0.0072360197082161903,
				1.0
			],
			"intrinsic" : 
			{
				"height" : 600,
				"intrinsic_matrix" : 
				[
					108.05451202392578,
					0.0,
					0.0,
					0.0,
					100.82048797607422,
					0.0,
					400.0,
					300.0,
					1.0
				],
				"width" : 800
			},
			"version_major" : 1,
			"version_minor" : 0
		},
		{
			"class_name" : "PinholeCameraParameters",
			"extrinsic" : 
			[
				0.99883371591567993,
				0.0044086179696023464,
				-0.048081770539283752,
				0.0,
				-0.0024849581532180309,
				0.99919676780700684,
				0.039994459599256516,
				0.0,
				0.048219472169876099,
				-0.039828330278396606,
				0.99804234504699707,
				0.0,
				-0.10783738642930984,
				0.083065323531627655,
				0.023118788376450539,
				1.0
			],
			"intrinsic" : 
			{
				"height" : 600,
				"intrinsic_matrix" : 
				[
					108.05451202392578,
					0.0,
					0.0,
					0.0,
					100.82048797607422,
					0.0,
					400.0,
					300.0,
					1.0
				],
				"width" : 800
			},
			"version_major" : 1,
			"version_minor" : 0
		},
		{
			"class_name" : "PinholeCameraParameters",
			"extrinsic" : 
			[
				0.99946004152297974,
				0.0080441823229193687,
				-0.031858146190643311,
				0.0,
				-0.0068578384816646576,
				0.99928528070449829,
				0.037174653261899948,
				0.0,
				0.032134409993886948,
				-0.036936104297637939,
				0.99880087375640869,
				0.0,
				-0.068341784179210663,
				0.087686963379383087,
				-0.00034485067590139806,
				1.0
			],
			"intrinsic" : 
			{
				"height" : 600,
				"intrinsic_matrix" : 
				[
					108.05451202392578,
					0.0,
					0.0,
					0.0,
					100.82048797607422,
					0.0,
					400.0,
					300.0,
					1.0
				],
				"width" : 800
			},
			"version_major" : 1,
			"version_minor" : 0
		},
		{
			"class_name" : "PinholeCameraParameters",
			"extrinsic" : 
			[
				0.99987757205963135,
				0.0093565443530678749,
				-0.012539232149720192,
				0.0,
				-0.0088846459984779358,
				0.99926930665969849,
				0.03717413917183876,
				0.0,
				0.012877900153398514,
				-0.037058178335428238,
				0.99923008680343628,
				0.0,
				-0.024024978280067444,
				0.091809041798114777,
				-0.0085089420899748802,
				1.0
			],
			"intrinsic" : 
			{
				"height" : 600,
				"intrinsic_matrix" : 
				[
					108.05451202392578,
					0.0,
					0.0,
					0.0,
					100.82048797607422,
					0.0,
					400.0,
					300.0,
					1.0
				],
				"width" : 800
			},
			"version_major" : 1,
			"version_minor" : 0
		},
		{
			"class_name" : "PinholeCameraParameters",
			"extrinsic" : 
			[
				0.99994003772735596,
				0.010611147619783878,
				0.0027078790590167046,
				0.0,
				-0.010697205550968647,
				0.9993632435798645,
				0.034039653837680817,
				0.0,
				-0.0023449640721082687,
				-0.034066580235958099,
				0.99941682815551758,
				0.0,
				0.018521254882216454,
				0.093876078724861145,
				-0.015930799767374992,
				1.0
			],
			"intrinsic" : 
			{
				"height" : 600,
				"intrinsic_matrix" : 
				[
					108.05451202392578,
					0.0,
					0.0,
					0.0,
					100.82048797607422,
					0.0,
					400.0,
					300.0,
					1.0
				],
				"width" : 800
			},
			"version_major" : 1,
			"version_minor" : 0
		},
		{
			"class_name" : "PinholeCameraParameters",
			"extrinsic" : 
			[
				0.9995463490486145,
				0.0053112069144845009,
				0.029646141454577446,
				0.0,
				-0.0061562522314488888,
				0.99957525730133057,
				0.028485581278800964,
				0.0,
				-0.029482252895832062,
				-0.028655171394348145,
				0.99915444850921631,
				0.0,
				0.078637689352035522,
				0.095116861164569855,
				-0.03254997730255127,
				1.0
			],
			"intrinsic" : 
			{
				"height" : 600,
				"intrinsic_matrix" : 
				[
					108.05451202392578,
					0.0,
					0.0,
					0.0,
					100.82048797607422,
					0.0,
					400.0,
					300.0,
					1.0
				],
				"width" : 800
			},
			"version_major" : 1,
			"version_minor" : 0
		},
		{
			"class_name" : "PinholeCameraParameters",
			"extrinsic" : 
			[
				0.99867892265319824,
				0.0073836361989378929,
				0.050851892679929733,
				0.0,
				-0.0092922849580645561,
				0.99925720691680908,
				0.037399936467409134,
				0.0,
				-0.050537973642349243,
				-0.037823062390089035,
				0.99800568819046021,
				0.0,
				0.11687816679477692,
				0.10192401707172394,
				-0.02684636227786541,
				1.0
			],
			"intrinsic" : 
			{
				"height" : 600,
				"intrinsic_matrix" : 
				[
					108.05451202392578,
					0.0,
					0.0,
					0.0,
					100.82048797607422,
					0.0,
					400.0,
					300.0,
					1.0
				],
				"width" : 800
			},
			"version_major" : 1,
			"version_minor" : 0
		},
		{
			"class_name" : "PinholeCameraParameters",
			"extrinsic" : 
			[
				0.9961540699005127,
				-0.00034649271401576698,
				0.087618477642536163,
				0.0,
				-0.0028945340309292078,
				0.99931621551513672,
				0.036860644817352295,
				0.0,
				-0.087571337819099426,
				-0.036972496658563614,
				0.99547189474105835,
				0.0,
				0.18856480717658997,
				0.11345992237329483,
				-0.036349117755889893,
				1.0
			],
			"intrinsic" : 
			{
				"height" : 600,
				"intrinsic_matrix" : 
				[
					108.05451202392578,
					0.0,
					0.0,
					0.0,
					100.82048797607422,
					0.0,
					400.0,
					300.0,
					1.0
				],
				"width" : 800
			},
			"version_major" : 1,
			"version_minor" : 0
		}
	],
	"version_major" : 1,
	"version_minor" : 0
}